29
16 1 3
2 6 9
5 0 8
8 1 9
8 0 9
422223324 2 4
222214 2 4
422214 2 4
987654321 1 9
987654321 8 9
987654321 0 9
990094321 0 9
28374928374618383947163745 2 4
38374928374618383947163745 5 9
38374928374618383947163745 3 9
38374928374618383947163745 3 8
38333333323455553947163745 3 8
11333333323455553947163745 1 2
38333333323455553947163745 0 5
10111111113455553947163745 0 5
15000000000000000000000000 0 1
15000000000000000000000000 0 9
38333333323455553947163745 8 9
88876543210 0 8
10000000008 1 8
424214 2 4
4242424242222244444023 2 4
16666666 6 8
100 1 9